955      960
956      961
963      968
968      973
971      976
972      979
983      990
984      991
993     1001
994     1002
995     1003
996     1004
997     1005
998     1006
999     1007
1002    1010
1006    1014
1009    1017
1010    1018
1012    1020
1021    1029
1025    1033
1027    1035
1035    1043
1039    1047
1041    1049
1043    1051
1045    1053
1046    1054
1050    1058
1053    1061
1055    1063
1056    1064
1058    1066
1061    1069
1064    1072
1066    1074
1067    1075
1072    1080
1073    1081
1078    1086
1083    1091
1085    1093
1086    1094
1090    1098
1098    1106
1100    1108
1103    1111
1107    1115
1108    1116
1117    1125
1120    1128
1121    1129
1122    1130
1128    1136
1138    1146
1139    1147
1140    1148
1141    1149
1145    1153
1152    1160
1165    1173
1169    1177
1178    1186
1181    1189
1183    1191
1184    1192
1194    1202
1195    1203
1201    1209
1209    1217
1211    1219
1213    1221
1216    1224
1224    1232
1225    1233
1229    1237
1234    1242
1235    1243
1246    1254
1248    1256
1252    1260
1254    1262
1258    1266
1259    1267
1266    1274
1269    1277
1270    1278
1273    1281
1275    1283
1276    1284
1278    1286
1279    1287
1280    1288
1282    1290
1283    1291
1294    1302
1299    1307
1300    1308
1305    1313
1307    1315
1308    1316
1310    1318
1314    1322
1316    1324
1317    1325
1320    1328
1325    1333
1328    1336
1334    1342
1336    1344
1343    1351
1350    1358
1351    1359
1352    1360
1353    1361
1357    1365
1358    1366
1359    1367
1360    1368
1369    1378
1375    1384
1378    1387
1381    1390
Name: Case ID, dtype: int64
